image: map0.pgm
resolution: 0.062500
origin: [-78.08305100146347,-44.2305717473024, 0.000000]
negate: 0
occupied_thresh: 0.45
free_thresh: 0.196