image: map0.pgm
resolution: 0.062500
origin: [-53.81298101963037,-48.467013608436076, 0.000000]
negate: 0
occupied_thresh: 0.45
free_thresh: 0.196