image: map6.pgm
resolution: 0.062500
origin: [-77.92942072011799,-43.975047470125766, 0.000000]
negate: 0
occupied_thresh: 0.45
free_thresh: 0.196