image: map7.pgm
resolution: 0.062500
origin: [-61.73975492073443,-46.827506372450266, 0.000000]
negate: 0
occupied_thresh: 0.45
free_thresh: 0.196