image: map8.pgm
resolution: 0.062500
origin: [-77.7304134281099,-44.34942681896956, 0.000000]
negate: 0
occupied_thresh: 0.45
free_thresh: 0.196