image: map9.pgm
resolution: 0.062500
origin: [-78.21506056929798,-44.21927612291077, 0.000000]
negate: 0
occupied_thresh: 0.45
free_thresh: 0.196